Fx: 4.463123425137193e+27
Fy: -1.6144128886868273e+28
R: 47.61995077910993
Vx: 87.70376283945286
Vy: -850.6773406405639
alive: 1
color:
- 251
- 164
- 128
m: 1.988921355804869e+32
type: Star
x: -2656910656.768018
y: -7515028713.234215
Fx: 147605.46240642315
Fy: -220888.3692936582
R: 3
Vx: -3816.663664312791
Vy: 2047.2340473926165
alive: 1
color: orange
m: 33020000000.0
type: Planet
x: -24365525632.733727
y: 16955423452.852444
Fx: -147605.46240642315
Fy: 220888.3692936582
R: 5.762687869030132
Vx: -335.79030791539975
Vy: -2952.9755227957935
alive: 1
color:
- 202
- 145
- 128
m: 2.5344e+26
type: Planet
x: 1118365769.9143956
y: -21180144553.46058
